255
255
254
255
255
255
255
255
255
255
255
255
255
253
255
255
255
0
255
255
255
255
255
255
255
255
255
61
0
255
255
255
255
255
255
255
255
255
255
255
0
0
0
0
0
0
255
255
255
255
255
255
148
255
255
124
255
255
255
0
255
255
255
255
255
255
255
255
255
255
255
255
255
255
254
255
255
255
0
255
255
0
255
255
255
255
255
255
255
255
255
255
202
0
255
255
255
255
255
255
255
255
254
255
255
255
255
255
0
255
29
0
228
255
0
255
255
255
0
0
0
0
255
0
255
0
255
255
0
255
255
255
255
254
255
0
255
255
255
255
255
255
255
0
255
0
0
255
255
255
255
0
254
0
255
255
255
255
255
255
255
255
255
255
255
0
0
186
255
255
255
0
255
255
255
255
255
0
255
0
255
255
0
255
255
255
255
254
109
0
0
0
0
0
255
255
255
255
255
255
254
0
255
0
249
255
0
255
13
255
255
0
255
255
95
0
255
255
255
255
0
205
255
255
255
0
255
242
141
12
255
255
255
0
255
0
255
0
0
0
255
255
255
0
255
255
255
255
255
255
255
255
255
255
255
255
255
255
255
255
255
0
0
97
255
255
2
255
0
0
0
0
0
0
0
255
13
80
0
255
255
0
255
255
0
0
255
0
255
0
255
0
100
254
255
0
0
37
0
254
0
255
255
255
255
115
0
222
0
255
0
118
255
255
0
255
0
255
255
255
255
0
0
0
0
215
0
255
219
0
166
0
255
254
255
255
255
0
0
0
0
0
0
254
0
255
0
0
255
0
255
255
255
255
255
0
255
255
189
0
255
255
255
255
5
0
255
255
255
0
254
0
0
255
0
255
0
255
0
0
0
0
255
0
253
255
0
255
0
0
255
0
255
0
0
255
0
255
0
255
255
27
189
255
0
0
22
0
0
0
0
0
50
255
210
255
0
2
255
255
0
255
0
255
0
254
0
0
35
0
0
255
122
255
255
0
0
0
0
254
255
255
255
0
255
0
0
224
0
0
255
0
255
0
0
254
0
225
255
255
60
13
0
0
0
0
0
0
0
0
255
255
0
0
0
0
0
0
14
255
255
255
255
255
255
255
0
0
0
0
0
0
253
255
0
0
255
255
255
0
254
0
255
0
0
0
191
0
91
255
255
255
143
0
255
0
254
0
255
0
0
0
255
0
255
255
255
0
0
0
0
254
255
0
255
254
0
255
0
0
0
255
255
253
255
255
0
255
255
158
255
255
255
255
0
0
0
255
0
0
255
255
0
78
0
0
0
0
255
0
0
0
0
255
255
0
255
0
143
0
0
0
0
255
0
0
0
0
255
255
0
0
0
0
30
37
0
253
229
255
255
0
255
0
0
0
255
255
255
3
255
255
0
254
255
255
0
117
0
0
255
0
0
69
0
31
255
0
255
255
255
255
254
255
0
0
0
0
0
0
0
0
0
255
0
255
105
0
255
0
0
0
0
0
0
0
6
0
255
253
0
255
0
255
0
255
0
0
255
0
255
0
0
255
0
254
0
0
255
0
255
0
255
255
0
0
255
0
0
255
255
0
0
255
0
255
255
0
254
255
255
255
96
43
0
255
0
255
0
0
0
140
0
255
255
0
255
255
0
0
0
254
255
0
0
0
66
0
0
115
0
0
0
0
0
255
0
0
255
0
0
255
255
0
255
0
255
0
0
0
0
0
255
0
131
255
0
112
255
255
0
0
251
0
255
0
0
255
0
0
0
0
0
134
0
0
254
255
255
255
255
255
196
0
0
0
0
0
0
0
0
255
254
0
255
255
255
255
0
255
0
255
0
255
0
0
254
0
255
255
255
255
