
61
59
63
60
57
58
55
53
49
49
50
53
51
48
46
44
41
40
41
46
45
42
48
50
54
55
52
53
51
51
50
49
47
49
47
44
42
40
38
37
34
33
34
33
31
30
29
27
26
28
31
30
29
27
26
24
23
29
32
30
28
26
25
24
23
28
27
34
32
32
29
29
28
30
33
31
31
30
28
27
28
25
24
23
25
28
29
33
37
42
42
47
44
45
43
41
42
40
41
39
39
38
38
47
48
48
45
42
41
39
37
35
34
32
30
28
36
34
36
36
37
36
37
35
33
31
30
29
28
34
42
49
50
50
50
51
51
49
46
44
45
49
58
59
56
61
62
66
68
70
78
77
86
84
80
77
73
72
68
70
68
65
66
66
68
65
62
58
60
61
66
69
70
67
64
60
60
62
61
58
55
58
58
55
52
50
47
45
46
43
41
42
40
38
36
34
38
47
51
54
55
56
57
54
51
50
50
59
62
62
61
58
58
66
68
66
66
66
61
66
62
59
61
58
60
56
53
53
51
48
46
44
41
39
37
45
54
61
63
64
69
65
65
65
62
59
63
60
65
63
63
65
66
62
59
58
56
53
54
63
61
58
57
62
61
65
68
67
71
70
74
70
67
63
60
59
62
58
60
60
60
59
61
57
62
70
71
74
75
78
74
81
80
86
89
90
92
89
93
89
85
87
87
87
82
81
81
77
78
80
76
77
73
69
76
75
78
80
76
79
75
74
76
77
73
70
65
63
60
57
56
56
53
50
48
48
46
43
41
43
44
48
46
45
45
44
45
45
51
53
56
57
54
57
66
64
61
60
57
54
52
49
46
45
46
44
48
52
56
53
53
53
51
49
54
58
54
52
49
46
45
43
41
40
41
48
53
60
57
55
52
50
51
49
47
52
49
53
50
50
48
46
43
43
46
43
42
42
40
40
38
36
36
35
41
49
46
44
50
47
50
51
48
45
43
42
43
43
43
47
48
45
43
48
51
54
52
50
51
53
56
57
64
65
63
64
63
63
71
74
73
74
73
77
78
77
83
91
94
91
90
98
99
94
97
100
98
100
103
103
102
100
96
93
90
97
98
93
91
96
104
104
107
108
108
103
98
96
97
98
93
97
94
89
85
81
83
91
94
93
98
93
94
89
92
91
97
92
87
83
80
78
79
81
84
86
90
85
87
87
86
87
90
91
88
93
94
89
85
80
76
73
73
81
91
91
95
98
93
93
91
89
86
81
77
73
75
79
75
76
78
74
71
71
67
67
65
62
59
63
60
60
64
67
73
71
73
71
71
70
75
77
78
73
74
83
79
77
77
76
78
79
78
79
77
81
83
88
84
83
87
92
90
86
86
90
92
88
84
86
86
85
85
88
85
90
88
86
88
97
100
98
97
94
91
97
105
104
101
101
96
102
100
102
101
95
91
97
92
90
85
81
82
78
76
75
79
87
83
80
84
81
77
73
82
87
87
86
86
89
88
87
83
85
83
80
75
72
76
81
80
82
83
88
83
82
84
89
89
88
85
81
81
79
75
71
68
65
61
59
56
56
57
63
65
68
74
75
76
72
69
65
62
60
65
65
67
65
71
71
67
64
64
70
66
73
69
66
63
68
68
73
78
80
89
84
84
80
78
78
75
76
81
84
81
89
94
96
96
91
93
99
100
102
103
100
100
103
103
103
104
107
108
107
111
117
114
110
111
110
113
108
103
105
105
106
104
98
94
95
90
88
84
86
81
89
86
85
80
84
83
82
86
86
87
85
89
85
80
80
76
73
70
69
67
64
61
66
75
77
78
78
78
82
78
81
80
80
76
73
78
80
76
72
76
75
76
75
74
76
73
75
76
77
84
86
88
86
88
83
80
77
81
78
74
71
71
67
69
65
72
78
87
94
94
91
87
83
87
83
79
75
74
74
74
72
74
74
71
74
76
72
75
73
73
74
73
69
74
71
70
73
72
71
73
74
77
78
76
72
76
73
69
66
66
63
64
63
60
64
63
59
56
60
57
54
62
64
64
67
66
69
77
84
79
76
75
75
71
74
79
76
72
68
65
62
58
56
58
60
61
57
54
55
55
57
61
57
54
52
49
50
48
45
43
41
43
42
40
38
36
35
33
32
36
38
36
36
37
35
35
33
39
48
50
59
62
62
66
74
77
81
87
87
86
85
85
94
97
101
104
105
101
104
113
109
111
105
110
113
107
112
113
109
103
98
94
89
85
93
102
107
115
114
112
110
109
106
102
97
102
98
93
91
91
95
95
95
92
88
83
84
80
78
85
86
90
94
102
104
110
117
116
123
117
110
111
105
106
103
101
106
101
104
102
103
98
100
101
98
94
89
90
85
84
86
86
85
92
93
93
94
90
94
101
100
100
101
110
106
115
114
111
106
105
102
101
102
102
107
102
108
105
109
108
103
105
100
95
90
85
82
80
76
73
70
68
75
71
67
68
67
67
69
68
69
66
71
69
65
67
68
75
75
81
86
82
77
84
93
97
102
105
108
111
105
115
123
122
121
127
123
117
114
109
108
109
113
117
113
113
108
108
103
97
93
89
90
87
95
101
102
104
98
94
92
88
83
79
76
72
69
68
70
71
74
70
71
67
67
68
67
64
61
62
59
56
57
56
57
59
61
66
66
67
68
69
72
69
65
63
68
70
69
66
72
72
77
76
78
82
82
83
90
92
93
100
103
106
114
114
115
117
120
115
112
118
113
113
113
106
109
107
101
97
97
99
108
111
113
116
115
119
113
117
126
119
122
125
119
117
121
118
122
117
113
108
103
98
105
100
96
90
90
86
82
78
77
81
78
74
78
74
70
67
72
75
78
81
81
85
83
79
80
80
79
75
76
72
70
67
67
70
72
76
75
75
71
71
70
67
64
69
69
71
70
67
63
71
80
79
82
78
79
82
79
75
75
71
71
80
78
76
80
79
80
76
72
69
65
62
60
56
54
55
52
55
63
64
64
70
79
84
87
83
79
75
72
76
76
81
85
91
94
96
97
97
100
96
90
95
92
101
102
102
111
116
123
127
129
123
123
120
118
119
116
115
114
120
123
127
121
116
110
112
116
121
128
122
116
122
118
113
111
113
110
108
117
113
107
102
106
101
101
99
101
98
94
92
88
83
79
78
73
71
71
68
66
71
71
68
65
71
74
74
76
75
79
80
80
88
86
93
93
89
89
90
89
94
95
96
94
96
101
105
99
96
92
92
88
83
83
82
82
80
84
91
88
94
97
92
88
91
92
89
85
84
80
82
81
83
88
85
80
77
73
73
74
71
77
77
78
76
75
71
75
81
90
90
92
93
94
94
95
90
86
84
80
76
72
78
87
88
90
95
90
90
93
90
90
93
102
108
103
101
100
101
106
108
113
112
114
119
113
111
120
117
112
110
111
125
128
134
137
145
139
132
134
137
143
152
155
158
156
150
159
163
157
165
167
169
174
178
178
175
185
193
201
208
213
221
228
233
237
242
234
243
252
1
5
2
8
10
15
17
24
19
20
22
22
31
34
43
48
38
35
27
28
28
37
42
46
50
48
49
48
48
40
36
33
30
38
41
44
45
45
44
40
44
50
53
61
65
69
75
80
82
90
98
105
107
116
110
111
115
116
114
110
114
123
124
121
127
122
119
125
119
124
117
126
129
128
127
136
144
141
143
137
130
131
121
119
124
125
130
129
120
110
101
104
100
99
100
109
113
103
103
110
115
105
105
97
99
99
95
94
99
108
116
125
133
141
150
142
151
142
147
137
128
124
120
119
114
117
112
110
105
102
110
110
107
98
90
81
72
74
70
72
81
89
99
107
108
104
95
90
90
85
87
85
80
70
61
56
51
52
48
48
48
40
39
44
43
39
47
46
55
49
46
37
42
32
24
20
23
20
20
16
15
13
8
8
17
10
16
14
11
5
8
12
17
16
12
21
26
33
37
40
35
38
40
37
35
34
42
46
54
51
43
33
26
34
29
21
13
20
18
15
21
25
30
24
27
35
45
50
48
46
37
28
29
27
35
28
35
34
32
27
18
19
19
24
32
31
40
38
33
28
27
19
15
8
0
250
250
243
245
236
232
240
240
246
253
247
246
246
252
3
12
16
10
14
12
12
8
17
17
10
4
12
15
12
16
7
15
19
10
14
21
21
25
34
33
31
24
26
29
26
17
20
21
23
14
5
1
2
250
244
236
234
228
225
218
220
212
204
201
198
190
185
194
200
194
186
184
176
180
185
179
178
170
170
171
174
180
173
170
174
168
173
171
164
167
169
162
159
162
155
148
150
146
140
134
132
137
133
138
133
131
134
128
128
124
121
129
124
117
117
112
114
108
110
112
121
123
121
120
118
117
118
123
117
115
109
104
106
104
102
96
92
92
101
101
96
97
101
100
95
94
95
90
92
92
92
94
89
90
93
91
94
99
107
110
114
108
104
108
103
98
106
110
114
114
113
108
103
102
105
101
104
100
95
89
91
88
84
85
94
98
107
116
110
104
106
101
99
94
89
98
93
96
91
93
95
99
94
92
88
83
86
87
85
83
80
76
79
78
84
93
92
94
94
99
95
90
94
93
87
84
80
84
83
85
82
85
84
93
93
94
93
88
86
88
91
96
95
99
95
98
106
112
109
111
111
106
103
103
101
100
101
98
104
100
104
99
99
100
102
97
93
93
93
97
102
104
98
94
94
99
94
90
85
85
81
77
74
73
69
73
74
70
67
64
67
67
70
67
67
72
69
65
65
63
66
68
72
75
71
69
69
66
63
60
63
72
74
73
73
70
79
76
71
70
66
68
67
64
61
59
57
54
52
49
47
51
60
69
72
71
76
71
74
74
70
67
64
61
62
59
56
62
71
69
70
73
70
71
67
64
67
68
65
67
73
79
77
76
73
71
74
74
73
69
65
62
61
61
62
62
62
62
58
59
58
62
64
68
64
61
58
64
71
68
72
72
75
81
81
84
87
82
81
88
89
91
92
92
90
85
92
99
102
100
95
99
99
100
96
90
88
92
97
99
97
92
88
83
79
80
77
74
71
71
68
67
64
64
62
62
63
65
62
59
56
58
55
52
56
56
59
59
56
54
54
51
56
61
64
67
65
69
74
73
79
77
73
74
77
82
90
98
96
95
95
90
86
82
78
77
74
70
72
81
79
88
96
105
109
105
103
100
94
94
95
94
90
90
91
92
88
87
82
86
82
87
90
92
98
93
88
90
96
105
113
110
104
104
106
100
101
98
99
94
93
91
100
101
110
108
109
104
104
99
96
95
104
108
107
105
112
106
102
96
96
98
98
99
108
103
99
93
91
92
89
85
81
81
84
88
93
88
93
88
84
81
80
77
75
76
77
74
71
72
74
82
80
80
80
77
73
70
68
67
64
67
72
69
68
65
62
71
67
64
63
59
60
63
65
66
69
74
71
72
74
73
72
72
77
75
76
78
74
77
77
78
83
86
90
86
82
79
78
74
71
67
64
62
58
55
56
60
57
61
69
79
87
86
82
78
73
72
71
70
70
74
74
74
79
78
75
71
69
68
70
71
68
67
67
64
61
58
67
70
73
76
76
77
73
79
80
82
83
79
76
72
71
68
67
64
65
66
72
76
76
72
72
69
65
72
77
81
82
82
85
90
91
95
90
89
90
92
88
87
82
83
79
77
75
79
88
83
86
89
90
89
85
80
80
76
78
74
77
76
72
72
68
71
74
81
79
75
76
78
87
84
79
75
75
76
72
69
67
64
61
57
58
64
62
59
59
62
60
65
64
62
70
74
71
77
73
75
71
67
71
80
80
81
77
73
75
71
67
66
75
71
68
70
73
73
71
67
76
84
93
102
101
95
95
91
89
91
95
92
87
83
79
75
79
75
72
68
65
66
69
66
63
64
61
63
64
67
70
69
69
71
73
80
79
76
82
78
74
70
67
73
73
70
70
71
71
75
83
81
87
88
87
90
88
87
89
98
99
107
103
99
94
90
85
86
81
83
86
91
93
101
98
104
99
94
99
99
103
102
109
105
107
102
107
104
99
97
93
88
84
81
83
82
79
75
76
77
73
74
70
67
70
76
80
76
77
74
76
72
76
75
77
80
89
85
83
90
90
89
91
87
87
83
83
81
78
80
76
72
77
77
80
76
77
74
70
74
73
70
72
68
65
62
59
57
65
66
75
82
87
82
78
74
70
77
73
70
67
63
60
58
53
54
52
49
51
49
46
48
46
46
50
52
50
47
52
59
62
62
58
55
59
57
60
61
58
55
53
61
61
58
58
59
61
68
65
61
58
63
59
67
68
70
73
71
71
71
69
73
69
67
72
67
66
74
69
68
70
74
71
72
74
82
77
79
75
75
78
87
92
88
92
101
98
93
88
90
86
82
84
81
82
85
92
87
83
79
75
71
68
64
62
62
61
58
55
53
56
52
50
52
51
54
51
52
57
53
53
52
52
50
53
58
60
62
65
68
69
65
62
64
71
70
66
67
63
64
64
64
63
59
56
56
56
58
67
75
84
84
84
81
89
94
90
85
81
76
77
74
70
70
76
73
73
74
72
68
70
66
64
60
62
58
65
72
75
71
78
86
88
88
92
90
86
85
85
89
86
90
85
83
84
93
95
100
99
98
93
92
88
89
89
90
94
103
100
106
107
107
102
102
97
92
96
99
102
100
97
97
93
99
108
107
104
104
101
101
101
99
99
94
90
85
81
78
73
70
70
67
64
64
63
64
65
66
63
68
67
64
61
63
60
57
56
55
53
56
58
55
52
52
54
59
59
69
71
68
71
67
65
67
66
67
63
60
61
179
179
187
190
192
195
197
205
213
220
224
224
232
240
245
248
242
247
251
248
249
251
244
249
253
251
245
245
239
236
241
233
224
226
229
222
214
218
222
221
219
210
212
215
206
200
207
208
210
214
220
229
237
241
232
235
234
236
239
230
226
227
227
219
220
218
227
232
240
234
233
239
247
254
252
249
241
242
233
225
229
229
224
230
239
247
0
3
8
255
250
254
254
247
245
245
236
227
219
215
214
209
218
214
213
211
217
215
214
215
210
202
199
201
192
189
183
182
177
186
189
184
188
194
203
212
214
215
216
211
209
205
215
222
223
231
225
225
218
227
220
222
227
226
224
233
233
240
243
236
226
223
228
237
235
237
228
223
226
227
223
232
233
231
225
228
225
216
218
219
228
229
219
216
217
215
207
206
212
212
212
207
201
193
185
180
179
175
168
169
172
175
171
166
167
159
152
146
148
151
160
165
158
150
151
144
140
136
140
148
153
146
150
143
136
139
134
127
129
138
139
132
126
128
135
128
125
125
121
116
111
113
121
124
133
133
137
131
125
129
123
121
122
116
111
119
113
108
112
110
111
106
105
100
96
93
97
97
98
95
93
95
90
86
82
81
84
80
81
85
80
85
85
85
90
87
90
86
90
92
88
84
79
82
84
81
77
81
86
88
91
93
93
88
93
102
106
113
113
112
119
121
121
120
120
127
135
141
140
140
138
131
139
146
155
147
148
141
134
128
122
123
119
121
115
115
116
114
112
107
107
103
98
93
93
96
92
93
91
87
88
84
82
83
90
87
89
88
88
90
99
94
90
86
88
93
92
100
103
106
115
115
115
118
117
119
118
117
116
112
108
104
104
109
108
101
100
95
93
92
94
97
107
115
118
125
120
114
111
107
107
108
103
98
93
89
88
90
94
101
105
102
103
101
96
97
97
94
89
90
95
103
109
110
108
102
101
97
92
87
83
79
75
77
84
90
90
89
84
84
83
82
87
84
80
80
82
79
77
75
73
76
74
70
74
82
85
88
96
104
98
99
98
107
115
110
112
114
117
119
116
114
111
111
120
128
136
135
129
122
124
124
117
119
113
114
115
114
108
109
103
101
99
98
102
107
107
108
116
113
114
109
107
113
107
102
105
107
107
111
119
125
122
129
137
145
142
139
139
142
146
141
146
151
147
150
143
144
147
146
145
142
136
129
123
117
111
111
119
123
126
127
136
144
137
138
135
135
129
130
128
122
127
130
135
134
138
132
133
128
121
119
118
120
115
112
106
108
111
114
116
113
122
125
127
130
137
130
130
125
119
123
130
128
134
128
126
125
119
122
124
117
116
113
115
116
119
124
130
124
132
129
128
122
121
115
115
114
112
114
114
113
110
110
112
109
115
112
116
112
106
106
101
104
99
106
100
100
102
102
107
101
100
103
97
92
101
96
101
96
100
95
97
98
93
95
96
91
92
87
88
90
97
95
94
89
84
84
87
93
97
98
101
96
98
97
93
88
84
82
78
75
78
80
85
87
88
93
92
89
89
87
83
82
77
83
79
87
90
99
103
111
109
116
110
106
107
107
102
109
112
111
109
108
109
104
99
98
93
89
85
89
89
84
87
89
89
91
90
85
90
96
97
95
94
94
89
85
81
80
76
76
74
74
83
85
89
90
96
96
93
91
91
94
101
102
103
101
105
102
102
104
99
99
100
101
101
98
100
99
100
102
99
107
105
100
95
90
92
89
91
88
84
89
89
97
92
87
83
85
81
77
73
72
69
74
74
71
67
64
61
58
58
55
53
58
61
65
67
71
73
77
73
71
68
64
65
68
70
66
63
60
68
68
72
76
81
79
83
87
87
87
86
89
87
88
96
98
103
103
100
95
91
86
89
85
84
89
97
106
114
115
108
103
98
94
91
90
94
92
95
94
94
92
90
85
85
86
85
86
91
89
89
88
89
85
85
88
91
92
95
95
97
100
100
95
90
86
81
85
81
83
78
74
74
73
83
91
90
91
95
96
95
97
101
102
102
101
108
106
100
97
105
109
112
107
102
100
97
100
95
94
93
92
93
102
103
98
97
96
95
96
91
91
90
88
84
83
83
79
76
71
71
73
74
73
72
72
69
66
70
66
63
63
67
64
64
70
72
79
76
79
75
79
74
72
78
85
94
100
100
97
102
104
102
102
98
100
100
98
102
107
101
97
92
92
87
89
87
88
83
82
85
85
86
89
97
106
115
119
125
121
128
121
115
112
116
117
113
115
110
115
114
108
108
103
98
95
94
99
94
95
95
95
90
95
98
99
104
109
108
108
114
110
105
103
100
102
96
96
93
98
94
96
97
103
105
100
95
97
93
93
96
102
103
109
106
109
104
100
104
106
99
102
111
119
121
115
109
112
115
109
109
113
111
106
110
105
99
101
102
111
105
109
111
105
100
103
108
107
114
108
103
98
97
92
88
83
79
76
82
80
80
76
72
75
71
68
64
71
71
76
79
74
78
81
79
75
76
75
76
78
74
78
77
75
74
74
74
75
71
72
78
74
76
71
67
64
70
67
64
61
60
61
66
74
83
90
91
91
88
82
78
74
71
70
77
73
70
70
66
64
61
63
70
67
64
63
61
58
59
56
53
52
56
58
59
64
64
67
70
69
65
73
76
72
69
65
65
65
69
73
70
66
71
67
71
75
76
75
78
83
84
80
81
82
84
80
83
81
77
81
77
77
79
82
81
82
83
84
84
85
90
85
81
82
79
78
74
71
67
69
66
70
70
78
77
73
69
66
63
60
61
58
56
57
55
56
59
65
67
64
65
67
64
66
69
72
68
75
73
69
68
66
69
66
62
60
59
65
62
63
63
59
56
53
51
55
53
52
55
52
50
49
54
52
51
50
50
48
52
54
53
62
69
73
81
90
93
93
97
92
89
87
83
87
86
81
77
78
73
70
71
72
72
73
73
70
72
69
65
61
67
73
74
78
73
75
78
73
79
75
81
77
75
82
82
81
77
73
75
83
92
96
100
95
90
86
92
100
98
96
92
89
91
87
83
80
78
77
76
76
82
83
85
93
99
96
92
95
103
100
97
103
99
108
107
113
122
119
119
113
109
107
107
101
96
96
102
104
113
108
112
119
113
110
112
112
107
105
108
107
102
101
99
95
90
85
83
85
85
82
86
95
96
96
95
90
89
85
81
83
79
77
73
70
66
64
61
58
66
66
70
68
71
70
66
69
66
65
68
70
79
87
90
96
104
101
105
100
97
103
98
98
98
101
100
101
100
103
103
111
107
107
107
102
103
107
106
100
99
106
109
106
106
111
110
114
112
107
108
107
102
102
101
96
98
101
102
97
100
105
107
110
118
111
111
109
109
108
107
109
112
114
109
106
111
114
112
108
107
107
113
111
114
110
105
99
99
94
147
148
158
152
157
158
159
158
157
164
172
180
187
196
195
202
210
205
209
205
207
216
224
223
217
211
212
210
211
202
209
217
214
219
218
221
229
234
241
240
239
236
231
225
219
212
210
219
227
236
235
235
238
235
241
240
240
233
230
236
245
245
240
237
236
229
237
239
237
246
250
2
249
246
250
2
11
2
0
250
244
245
250
0
1
10
18
27
35
43
39
42
33
24
31
32
26
35
38
34
28
19
10
9
14
13
23
23
28
23
23
20
15
19
23
25
27
24
21
29
35
38
42
50
55
49
48
47
48
54
52
53
55
64
65
59
63
64
62
59
61
70
78
83
82
80
71
76
76
85
93
92
91
92
96
93
98
97
87
85
76
79
83
83
83
75
76
68
77
79
70
69
60
61
57
61
52
51
42
37
32
27
19
28
22
13
4
255
252
249
252
249
251
247
250
253
245
249
246
243
244
253
251
252
250
241
241
238
236
244
247
252
254
254
5
9
2
254
249
243
246
249
248
239
230
222
216
211
203
195
195
187
183
175
179
188
197
205
213
208
207
201
193
184
192
201
194
197
189
190
184
176
179
180
171
169
162
155
157
150
151
149
146
151
151
144
147
153
154
155
162
155
159
152
153
149
152
153
150
155
163
159
159
160
152
152
148
149
148
147
152
159
157
149
152
151
144
137
132
141
141
133
137
146
147
152
161
161
156
153
148
156
154
153
149
148
151
159
168
172
173
181
175
167
159
152
148
142
135
129
123
123
123
122
119
114
113
113
114
112
114
116
112
115
116
125
131
135
144
143
138
139
145
145
138
141
135
139
132
126
132
133
132
125
123
119
128
130
128
124
126
127
128
126
120
115
109
104
105
99
102
98
100
106
112
115
119
114
109
113
111
106
108
103
104
99
95
91
92
93
93
89
85
81
83
80
81
77
73
69
67
72
71
71
70
73
79
85
85
88
84
80
76
72
71
72
72
73
76
85
82
85
86
85
85
86
83
81
83
88
89
89
89
85
88
83
84
80
76
77
73
79
87
95
104
112
114
110
110
120
118
118
117
111
120
117
111
112
113
107
102
103
104
102
100
95
95
90
86
86
83
84
80
77
75
71
72
72
68
69
67
67
68
65
62
59
65
62
67
68
75
74
78
73
72
73
69
66
63
73
77
74
73
73
74
75
73
74
71
68
69
68
70
67
63
70
70
66
64
69
67
76
85
88
96
98
93
89
84
86
86
86
88
83
90
90
88
88
87
89
89
91
86
82
82
79
76
75
76
73
74
75
78
86
86
85
82
79
81
78
74
71
73
75
77
85
93
97
106
113
117
116
115
110
106
105
102
100
99
100
103
104
101
101
96
91
87
86
83
83
87
96
96
97
100
106
104
105
105
108
103
97
93
92
89
91
86
90
86
87
83
79
75
71
68
70
68
72
68
64
61
59
63
60
60
62
59
56
54
55
52
55
53
61
59
58
55
53
50
55
59
56
59
59
56
59
60
57
58
54
53
51
53
50
48
52
61
62
63
65
66
63
60
56
54
52
49
48
51
55
64
72
80
88
97
93
88
83
80
77
75
72
73
77
83
84
80
76
72
76
73
70
73
73
69
66
63
60
61
70
69
68
67
68
70
72
68
64
61
58
58
58
64
67
68
75
76
76
78
83
85
84
81
77
73
76
77
82
84
80
84
79
78
76
81
84
79
87
86
87
82
78
77
73
71
75
79
79
84
92
93
87
83
79
84
86
88
83
82
78
74
75
76
78
77
73
69
74
70
71
67
64
61
59
62
59
56
59
60
58
63
63
68
64
63
63
64
62
66
66
71
73
73
69
71
73
75
76
73
74
69
67
74
76
74
74
77
75
71
78
80
76
80
84
79
77
74
76
84
85
94
102
107
109
103
98
102
102
97
96
92
88
83
79
75
72
68
69
66
63
60
60
57
55
57
58
57
64
61
61
61
66
66
63
66
68
66
64
61
58
63
65
68
75
71
70
69
65
70
75
76
81
84
80
89
89
89
88
90
90
86
81
85
80
79
80
89
87
90
99
95
101
108
113
112
107
101
99
94
89
91
87
89
89
86
89
87
94
90
88
93
89
98
94
90
85
81
78
75
71
67
70
71
71
71
73
70
66
66
63
69
69
67
66
68
65
69
66
66
63
60
61
64
61
58
54
57
54
55
55
60
62
63
65
66
71
74
74
73
76
75
71
67
66
68
73
70
77
86
87
95
103
101
96
91
88
91
91
91
86
85
86
85
92
92
94
89
86
81
80
75
72
69
66
62
65
72
75
80
75
73
73
69
66
63
70
70
69
68
69
78
80
76
75
82
82
83
88
86
82
80
78
81
83
88
91
87
83
79
79
76
74
73
70
67
64
73
74
72
69
66
66
67
67
70
74
71
67
63
64
65
64
61
58
57
57
58
56
52
54
52
49
51
48
54
56
53
55
54
51
58
55
60
64
60
57
54
54
55
60
64
60
58
61
63
65
62
68
64
61
60
59
57
59
62
60
59
57
56
54
52
54
54
52
53
51
49
46
51
49
46
48
49
52
56
55
63
69
78
78
77
73
70
66
65
62
64
62
70
70
72
69
66
63
63
72
76
72
68
71
71
67
67
65
63
66
64
61
66
62
65
63
66
64
62
58
58
60
57
60
62
59
57
55
58
66
67
64
71
74
77
78
82
78
73
74
72
78
76
72
79
84
81
84
84
84
93
101
107
108
112
107
107
106
101
105
103
98
96
102
100
98
102
109
109
107
106
105
100
98
93
88
84
84
84
83
80
75
72
74
71
67
64
61
66
65
63
68
76
77
82
83
86
85
80
79
78
78
74
74
78
75
73
80
75
71
68
64
63
64
61
68
67
63
63
61
58
58
55
53
49
47
45
43
48
56
65
74
79
86
82
77
73
74
70
69
67
68
65
61
62
58
56
55
53
62
62
59
63
60
61
66
66
72
70
67
67
70
73
75
76
74
82
81
81
78
73
74
78
74
79
87
96
97
100
98
93
97
99
109
110
117
117
122
116
121
123
117
116
110
107
105
106
101
101
107
101
103
112
112
116
114
121
118
116
114
116
119
128
127
128
128
121
115
110
105
100
95
91
91
94
96
92
92
95
90
89
96
95
94
94
89
92
87
83
79
75
72
68
65
64
68
75
74
78
86
90
86
89
93
91
95
92
94
90
89
90
89
93
88
86
84
82
78
81
80
77
75
72
68
65
61
59
64
73
82
90
89
88
92
88
94
93
88
87
82
83
89
85
80
77
73
70
66
67
63
67
64
61
58
55
52
53
52
50
46
48
56
54
59
57
55
58
57
60
66
65
65
70
74
74
69
67
74
70
67
69
69
65
70
78
79
78
73
75
73
78
75
80
82
80
81
78
74
70
67
69
72
74
70
188
197
195
196
204
206
205
201
210
218
226
230
228
224
233
241
242
251
2
3
11
6
7
13
7
1
4
12
11
12
15
24
32
29
37
40
41
42
33
25
33
33
37
45
36
34
25
17
18
27
19
16
7
254
2
254
254
252
1
4
1
253
252
3
251
250
3
8
12
3
250
248
246
242
244
253
6
15
15
8
255
4
5
1
2
5
13
16
22
29
37
27
31
22
19
27
30
20
14
15
13
12
16
25
30
35
43
43
34
33
32
24
24
26
19
20
28
23
21
16
19
28
37
28
31
22
20
24
20
17
9
16
25
25
25
25
34
34
43
48
38
31
30
21
28
37
45
54
57
51
59
57
57
51
49
49
41
45
41
50
59
56
58
54
56
60
62
64
73
67
64
54
57
53
58
66
75
73
69
69
67
60
53
55
56
47
38
34
25
25
27
19
11
2
5
2
254
249
241
242
245
246
242
233
225
223
214
212
215
206
209
205
208
211
209
205
209
209
202
196
191
195
204
213
206
209
203
209
211
212
209
201
196
205
205
202
205
203
210
208
213
221
227
228
224
215
207
198
195
195
187
187
193
197
199
201
192
191
187
186
183
175
168
160
153
147
140
148
149
146
140
134
133
138
132
130
124
122
122
126
127
131
128
137
141
140
140
138
131
128
132
127
124
123
124
129
138
141
147
152
147
142
151
159
151
154
156
157
155
162
163
162
166
159
158
158
166
162
155
163
172
175
178
173
181
179
176
174
172
167
165
168
174
166
167
172
172
164
167
176
176
167
163
157
150
143
140
148
147
140
133
127
128
122
117
118
117
115
110
109
110
107
111
106
112
110
110
110
109
113
108
117
123
120
114
119
116
119
117
121
125
132
134
129
122
122
119
115
109
104
105
106
106
101
96
92
87
83
80
83
91
97
106
114
114
109
106
106
109
103
103
101
96
99
95
99
99
95
92
94
90
86
83
82
84
82
79
76
83
90
93
89
90
93
100
99
100
106
100
97
92
92
96
97
99
105
101
97
104
100
96
91
87
88
90
91
90
89
94
95
100
95
95
92
100
103
104
104
99
94
92
95
103
108
116
113
107
103
97
101
103
108
111
110
105
100
103
104
110
110
105
99
95
90
86
86
85
84
80
77
80
77
84
86
83
78
79
76
71
72
74
74
71
71
71
75
75
75
80
77
73
69
71
74
76
76
79
83
84
93
101
111
113
108
109
108
109
103
103
106
108
107
102
97
92
91
91
93
102
111
117
122
128
122
116
118
113
115
110
104
99
94
96
96
92
87
84
79
75
73
79
88
87
83
79
75
71
68
69
71
75
79
84
91
86
82
81
81
77
76
80
84
86
96
92
87
93
92
97
95
91
89
85
85
88
96
94
93
95
97
92
89
94
89
94
97
107
110
116
125
126
127
134
129
136
137
141
139
136
129
131
130
125
122
122
116
116
121
127
120
115
109
106
105
100
96
91
86
87
82
83
83
79
75
76
76
78
75
78
81
81
82
82
82
82
83
92
89
87
85
85
81
77
76
80
81
83
91
87
85
94
99
98
100
109
108
114
116
117
121
121
115
117
116
115
112
106
101
108
117
125
126
123
123
117
111
106
104
107
104
99
94
90
100
99
97
93
96
92
97
92
92
95
96
95
96
103
98
96
93
91
96
92
87
86
82
78
77
74
74
76
77
85
85
80
81
85
87
88
84
82
78
81
83
83
79
86
90
90
87
92
92
90
85
87
91
94
97
98
98
107
102
99
94
92
89
97
96
96
100
95
92
87
89
85
82
82
79
77
74
70
67
71
70
70
71
67
64
61
57
59
58
63
61
60
69
67
72
69
65
67
64
61
66
69
69
71
71
68
69
70
75
72
69
74
70
72
75
76
81
80
85
88
92
93
89
89
91
93
95
99
103
97
93
87
84
90
99
107
112
118
112
106
104
99
94
89
88
84
83
85
80
84
84
80
76
73
74
70
67
64
61
59
56
59
64
69
72
71
74
75
72
71
69
66
69
67
64
64
61
58
59
60
67
72
72
73
72
72
71
69
66
68
69
71
67
69
75
72
69
74
75
75
71
71
69
69
68
69
78
87
92
86
88
83
84
85
85
81
82
81
82
79
75
77
73
69
74
72
74
78
76
72
69
65
63
63
68
70
78
78
75
82
85
82
78
80
85
92
95
90
85
81
77
74
70
72
68
69
71
70
73
74
70
73
74
73
75
72
72
69
71
72
74
70
66
63
63
61
58
59
62
58
59
67
76
84
93
101
104
99
96
95
97
99
104
102
99
105
103
100
102
103
101
103
104
98
97
93
88
83
79
82
80
87
82
82
87
87
88
89
91
90
85
90
89
98
105
109
113
108
104
103
100
95
94
93
102
100
104
109
107
108
106
107
106
107
113
110
105
101
97
92
93
94
101
96
91
91
92
87
85
81
77
85
85
88
87
87
84
83
79
88
85
84
85
80
79
75
81
80
76
72
69
66
63
60
57
58
56
53
51
50
48
46
45
45
42
41
46
47
45
44
41
39
43
46
48
46
48
47
44
48
47
53
50
52
57
58
54
54
56
57
65
69
71
67
63
63
61
57
57
58
57
67
74
77
86
85
93
96
105
111
111
108
106
113
110
106
101
104
102
96
92
88
85
84
82
84
80
81
77
84
93
94
99
98
98
100
95
99
97
100
99
94
92
92
94
89
91
94
90
85
84
85
94
103
100
108
108
107
114
110
105
100
94
90
90
86
82
78
74
71
71
72
71
81
80
81
85
80
81
83
85
85
82
78
74
70
67
64
61
64
63
63
60
58
63
59
56
56
53
51
48
50
49
47
46
48
46
44
41
40
43
41
39
43
46
47
45
43
47
47
48
49
50
52
54
52
48
49
48
51
52
54
55
52
55
53
55
55
57
66
73
70
69
65
62
59
56
54
56
59
68
73
78
81
84
80
83
80
76
77
83
83
82
78
77
73
78
80
85
87
83
79
79
75
74
80
77
80
78
74
71
70
67
75
78
86
83
79
76
72
68
72
71
71
77
86
90
95
90
87
87
83
84
85
91
93
101
110
107
106
106
101
97
93
88
90
92
90
85
81
78
73
81
77
78
74
75
72
76
85
82
84
80
76
75
80
80
85
81
77
73
70
72
68
65
61
59
59
65
61
58
64
70
67
64
60
62
63
59
57
59
65
72
68
73
75
76
79
82
84
87
87
83
82
84
88
90
88
97
96
101
97
98
107
108
107
107
108
111
111
105
100
95
91
86
82
78
83
92
97
103
105
110
108
111
106
100
95
91
89
84
80
76
72
69
69
73
76
79
79
81
82
83
79
75
84
84
92
90
86
81
82
78
74
80
78
75
74
72
75
71
74
70
73
78
83
82
86
83
79
81
77
73
69
77
75
77
210
208
214
216
224
232
231
229
232
238
246
253
255
7
15
17
25
33
32
40
44
52
51
49
48
50
47
38
47
55
48
56
51
57
47
54
55
50
55
55
56
57
47
54
45
49
58
65
64
62
68
68
64
58
62
70
64
63
58
58
56
48
47
51
45
36
38
40
49
42
43
52
61
68
65
66
68
64
65
65
63
69
65
67
65
68
67
74
75
71
67
69
72
74
73
63
59
55
46
37
30
39
39
47
47
50
41
41
36
28
26
16
17
13
8
17
17
8
0
247
238
230
222
221
217
209
200
200
209
218
222
226
227
226
226
227
229
237
245
243
234
231
228
225
220
216
217
219
210
205
206
200
200
197
199
190
188
183
184
188
197
199
197
196
193
185
193
192
186
189
189
187
178
171
172
181
176
175
171
172
166
168
173
182
190
190
192
194
204
204
207
208
199
191
186
179
176
173
165
164
162
159
151
145
149
146
143
141
149
158
167
165
158
165
162
155
157
155
160
169
170
171
175
171
179
187
192
183
186
178
180
182
177
170
169
167
168
172
180
185
188
190
182
185
177
169
161
155
150
157
156
159
165
170
162
155
147
141
142
139
147
142
144
145
146
140
149
149
152
155
147
141
134
140
133
131
132
131
130
139
142
142
140
141
136
132
140
146
144
149
142
141
139
137
137
134
134
143
142
150
159
154
154
160
158
153
158
160
169
165
165
173
174
167
168
170
168
164
162
163
160
160
159
157
152
161
158
155
148
141
138
139
136
141
145
154
163
165
161
154
150
143
142
140
138
131
125
120
127
136
135
132
131
136
129
129
127
123
127
121
123
119
122
117
118
127
136
139
140
141
150
143
144
145
140
136
140
140
133
132
132
126
124
125
126
127
121
123
118
121
116
116
110
105
111
111
113
119
127
132
136
144
152
155
148
147
143
141
134
135
133
138
134
132
125
119
114
108
103
104
101
107
101
104
101
100
102
99
106
114
110
112
110
118
127
136
130
123
118
118
111
109
117
112
108
104
104
99
100
95
90
93
88
93
96
101
102
109
106
105
106
107
106
100
100
99
103
98
99
101
101
96
103
98
93
88
86
90
93
94
96
95
94
97
92
89
88
83
80
80
76
79
76
73
69
67
67
64
60
57
55
60
63
60
57
54
52
55
57
54
55
54
55
61
66
64
63
60
62
64
73
73
73
81
83
78
80
76
81
80
84
82
81
86
83
79
80
84
87
84
80
76
72
69
71
68
65
70
75
74
83
91
87
83
85
84
84
81
81
79
83
83
80
81
82
78
76
79
81
77
75
73
75
80
77
73
77
73
74
78
80
88
88
83
87
82
78
74
79
77
83
88
87
87
86
84
86
88
87
90
90
87
92
98
93
100
100
97
103
110
108
109
103
102
97
95
96
99
96
96
105
109
110
114
110
111
114
111
111
106
108
104
106
103
103
98
93
94
95
93
93
89
89
85
81
80
76
73
69
69
68
67
63
61
58
58
55
60
60
69
75
75
78
84
84
86
82
86
82
85
85
94
89
84
83
87
92
96
95
90
86
91
92
95
103
103
106
103
107
105
108
104
98
93
89
87
96
105
113
116
117
117
115
110
108
107
111
106
100
95
100
103
103
108
102
108
102
97
93
91
92
97
92
91
90
86
82
85
91
93
93
93
88
90
90
91
87
86
95
101
107
101
107
114
116
113
119
115
113
114
112
109
104
100
107
109
106
108
103
110
111
111
105
100
95
92
89
93
96
99
97
95
93
91
89
84
86
88
91
86
91
89
89
94
94
96
92
91
88
82
79
77
73
70
66
66
65
61
63
68
64
62
65
61
58
55
57
59
65
72
68
67
70
68
69
65
68
65
69
76
81
76
72
69
76
78
79
77
80
86
88
89
91
98
99
94
90
85
81
78
73
75
71
68
73
82
91
99
103
108
103
106
101
95
91
87
82
78
78
79
79
76
78
79
87
87
90
88
83
82
77
74
70
67
72
75
72
68
65
66
63
66
67
63
71
74
76
77
78
80
77
78
74
76
75
75
79
75
72
68
65
70
69
70
68
65
63
71
77
80
75
71
72
75
74
76
72
79
80
76
80
77
75
75
71
72
74
72
81
76
74
70
73
74
73
73
74
77
78
80
81
77
73
69
67
63
60
58
63
59
57
59
58
55
53
52
54
63
68
65
69
77
73
71
67
64
64
65
70
66
71
70
74
75
74
73
70
70
74
74
75
75
72
73
79
75
73
70
66
64
62
59
55
58
64
69
76
72
80
81
78
82
82
79
79
76
78
73
69
74
75
75
74
74
70
67
64
68
71
67
64
68
74
80
79
78
80
88
92
91
86
90
89
86
81
78
80
85
80
81
84
81
76
77
72
72
78
74
80
85
85
94
94
101
96
96
92
91
92
87
84
87
85
89
89
92
87
92
94
97
93
88
84
88
86
82
80
83
79
81
78
81
77
73
70
66
63
60
57
55
56
56
52
54
57
62
59
56
59
60
57
55
58
54
52
53
55
53
50
48
50
52
56
65
72
68
67
63
65
68
65
61
58
55
56
54
60
63
61
69
73
73
70
76
77
76
73
70
70
73
74
74
82
88
93
98
101
105
104
100
95
90
93
89
85
85
83
79
79
75
74
71
69
69
68
72
69
75
79
77
76
85
88
88
89
88
90
85
83
85
81
77
78
74
70
73
69
71
79
80
81
80
86
88
89
91
87
87
91
96
95
89
88
91
94
90
93
91
87
89
93
88
84
80
80
80
84
80
80
79
75
72
68
65
72
71
75
74
73
73
71
67
64
70
67
64
63
65
62
62
59
59
60
57
56
57
55
53
50
48
47
49
57
61
57
61
64
60
64
66
63
68
68
65
65
64
66
75
76
76
76
79
88
84
87
83
87
93
94
89
85
82
77
74
71
67
67
63
64
61
64
73
76
82
90
86
84
83
86
82
81
77
73
70
67
66
63
60
62
63
62
62
59
61
62
60
56
53
58
57
60
58
56
64
63
62
65
66
64
62
63
63
59
56
55
58
58
64
69
71
72
70
70
68
72
78
81
80
75
72
70
69
70
69
70
71
74
73
75
79
75
76
74
75
83
87
85
85
87
84
81
80
77
77
77
80
89
94
99
98
98
93
89
84
80
80
82
80
78
76
72
69
65
67
63
60
64
64
61
62
68
74
78
85
85
85
86
91
86
90
93
88
91
99
96
94
101
98
101
108
103
109
103
98
106
115
123
125
121
120
121
116
115
113
108
109
104
98
94
98
106
103
107
108
104
98
93
88
91
87
86
87
85
81
77
80
81
84
80
79
81
80
76
80
76
73
70
71
71
76
73
69
73
70
67
72
70
74
70
72
68
64
71
72
74
79
80
82
84
82
84
85
84
93
96
98
104
108
107
106
205
208
216
224
217
218
227
235
235
234
237
238
232
238
245
248
239
238
240
231
232
242
242
240
232
223
223
224
226
223
222
222
222
220
223
229
234
229
236
238
234
243
251
253
244
246
249
1
8
15
15
11
6
10
14
23
25
22
20
11
2
2
4
13
12
9
8
255
251
4
254
248
243
237
234
236
235
237
241
244
245
246
255
8
16
24
29
31
39
33
24
25
16
16
21
12
21
17
13
10
2
8
8
4
254
253
244
249
240
231
223
232
238
230
226
229
234
232
232
242
247
250
247
239
236
234
239
245
252
243
245
245
249
252
244
245
244
242
251
254
7
10
5
6
4
9
5
252
255
248
242
234
242
241
237
246
248
255
245
251
3
12
3
251
245
251
249
250
241
241
233
224
220
223
217
211
203
209
209
210
219
228
228
220
220
217
217
218
209
205
196
189
197
193
186
188
197
203
208
205
209
213
210
211
202
203
195
196
192
184
182
179
178
173
167
169
165
164
169
161
170
179
180
184
176
168
167
165
164
157
162
168
173
181
189
190
183
186
178
179
183
177
183
180
179
170
172
168
163
158
161
159
155
149
144
141
135
131
129
129
125
134
133
139
133
127
121
123
127
122
120
114
114
119
120
119
118
113
121
124
124
125
119
113
112
113
107
106
104
106
101
107
101
100
105
100
96
95
90
87
88
86
82
78
81
80
82
84
86
88
93
96
102
101
96
99
103
104
100
103
107
104
104
107
102
97
100
99
97
99
105
102
104
105
110
113
108
105
101
96
91
89
90
90
94
97
103
108
103
105
106
101
104
113
111
114
112
113
118
115
110
110
109
112
119
114
114
108
103
109
104
107
105
100
95
98
94
90
90
93
102
110
118
123
122
121
115
118
120
117
112
119
113
113
110
104
100
95
96
91
90
94
94
92
87
83
79
75
81
86
87
82
83
89
91
93
102
106
106
104
100
94
91
94
89
91
95
92
96
99
94
90
93
90
95
95
90
89
94
98
101
99
97
99
95
99
94
95
90
90
96
99
94
97
98
96
92
98
104
107
112
115
119
119
117
115
116
116
118
119
118
118
120
115
116
114
113
112
111
105
100
108
109
103
98
98
104
101
96
94
102
110
112
117
111
111
106
106
106
108
107
102
109
109
105
101
101
100
100
106
106
109
104
98
103
98
105
105
101
106
101
96
91
87
83
80
75
75
80
88
97
105
113
113
114
109
104
98
93
92
89
97
98
93
89
84
80
76
73
72
75
72
68
69
71
71
71
78
78
75
70
67
66
62
60
63
60
62
61
59
62
64
61
61
68
71
67
72
73
72
69
66
63
66
66
67
73
81
80
76
72
80
79
75
71
68
67
63
60
57
56
58
62
59
56
60
59
67
65
70
69
70
70
68
72
77
73
69
69
70
69
69
65
68
70
76
72
72
68
69
65
62
64
62
60
59
60
57
62
67
68
66
67
70
69
67
66
66
62
62
62
59
64
61
59
56
54
50
51
57
62
59
61
69
69
69
74
71
78
81
78
74
69
67
67
67
71
80
89
97
103
103
97
93
95
91
93
92
99
108
102
98
93
90
85
86
91
87
87
88
95
89
88
90
93
99
100
97
95
100
96
91
87
90
94
93
93
89
84
83
92
96
91
86
82
82
84
81
83
87
88
83
79
78
83
83
81
77
74
83
80
82
84
82
85
83
82
77
77
77
78
79
82
77
82
82
85
80
81
88
85
85
86
83
84
92
94
90
87
84
82
78
75
74
77
74
70
66
64
62
69
69
67
63
62
62
63
61
62
67
71
71
70
71
67
69
68
65
69
68
69
68
65
63
60
59
68
67
69
67
73
70
65
69
66
66
72
68
70
66
63
59
59
56
53
57
62
71
76
80
84
79
75
72
78
78
77
83
84
79
76
78
76
82
80
77
72
69
66
63
60
60
57
55
60
65
65
66
66
75
79
79
80
82
82
80
80
83
89
92
93
102
104
102
103
103
98
96
99
94
90
92
95
93
93
92
92
93
94
89
92
91
90
85
81
80
82
81
77
81
78
78
77
83
84
82
78
77
81
77
73
70
74
75
79
74
71
72
70
70
69
66
70
72
72
79
75
73
69
66
62
60
57
59
57
56
53
51
49
50
50
51
53
51
60
62
59
57
53
50
52
49
57
64
61
57
60
66
66
65
62
59
56
57
54
51
56
54
51
54
51
49
46
44
54
61
64
70
78
79
78
76
75
78
78
87
89
84
84
82
78
74
71
71
73
74
70
77
81
82
82
78
78
80
82
81
77
73
73
73
74
83
80
88
89
91
90
90
86
84
81
87
88
86
89
92
87
91
87
85
88
90
99
99
95
99
103
101
102
107
101
102
102
105
107
109
115
115
109
106
105
103
107
103
103
106
105
106
114
113
113
111
106
102
101
98
96
91
87
83
79
76
72
71
68
64
63
62
64
62
63
63
60
58
55
54
57
61
66
67
64
61
61
58
55
52
54
54
56
61
57
64
62
65
65
71
78
79
74
75
79
85
93
94
95
90
85
82
77
77
73
69
72
75
80
90
95
100
102
96
91
94
89
86
81
83
90
98
97
96
92
88
88
84
82
79
79
78
81
85
88
84
87
85
87
90
87
90
85
81
82
83
83
82
82
91
89
98
96
95
98
99
106
101
97
102
106
104
104
102
96
104
102
100
101
99
94
94
97
106
107
102
96
97
92
92
89
92
88
87
85
84
91
96
100
99
108
117
120
114
110
106
115
112
114
110
105
100
95
90
97
93
88
84
80
77
87
82
82
79
75
71
72
68
73
80
81
77
76
80
82
88
92
95
90
85
81
79
79
76
76
79
78
73
76
78
83
82
77
75
75
72
72
74
73
72
68
65
62
63
60
64
72
81
86
93
102
99
94
90
97
96
97
103
98
95
93
96
104
101
101
96
92
87
91
91
92
88
84
80
87
95
102
98
97
98
101
97
100
100
96
96
92
91
96
92
93
94
103
106
110
106
100
100
95
91
86
86
82
78
80
78
85
93
90
94
92
93
93
88
88
91
95
89
91
99
95
96
104
110
104
110
112
109
109
109
105
100
99
95
90
94
89
85
81
77
73
70
67
70
66
63
60
57
54
54
52
49
51
50
48
48
45
46
52
53
50
50
53
53
55
59
59
65
73
73
69
72
69
66
74
78
79
86
85
91
89
87
89
85
86
94
100
95
90
86
85
80
80
76
81
90
92
99
108
105
101
99
94
92
89
86
81
82
83
90
85
91
89
88
84
88
92
86
81
78
80
77
73
74
76
75
71
69
68
65
74
79
77
77
76
75
72
68
75
77
73
74
76
77
76
76
72
68
65
67
68
67
68
69
66
63
69
66
74
71
71
72
68
74
75
74
70
74
73
77
74
73
73
72
210
217
223
214
213
204
213
222
219
219
222
213
212
221
229
220
212
203
199
195
190
190
184
189
197
199
203
207
208
216
219
224
232
235
234
231
232
240
242
234
235
225
217
209
208
200
206
214
208
202
194
188
196
203
204
207
205
204
200
199
195
194
198
207
215
224
232
240
238
228
229
238
246
254
250
253
250
2
253
0
247
238
236
227
220
215
207
203
195
195
196
195
195
196
192
189
197
201
210
216
209
202
192
184
186
189
181
186
195
199
195
203
209
211
210
209
203
210
210
201
204
196
198
190
195
204
213
218
215
213
205
212
215
212
221
229
232
234
227
229
225
222
220
215
213
221
227
233
233
242
248
248
248
242
233
226
223
218
212
215
206
198
201
193
187
184
180
174
170
164
157
150
150
153
153
146
139
134
128
132
134
139
138
139
142
144
150
150
143
137
130
124
122
130
127
126
126
123
124
128
128
137
145
144
137
131
126
121
117
119
121
125
129
138
146
153
145
138
137
134
138
147
150
148
144
148
155
163
159
153
154
150
152
154
149
157
150
159
155
157
157
156
152
153
150
149
143
143
152
155
148
141
139
139
142
141
140
144
153
155
161
158
168
163
160
158
162
163
165
161
164
164
156
154
156
148
150
145
143
136
140
138
135
136
136
132
131
132
141
149
158
156
159
155
148
144
144
137
131
125
119
119
114
108
104
103
98
99
99
98
93
94
89
89
89
88
91
90
86
82
79
80
86
92
90
90
85
87
83
83
82
84
85
85
82
89
94
90
92
93
89
89
85
91
87
83
79
79
78
78
80
83
79
78
74
78
74
72
77
74
81
90
95
104
112
112
114
109
113
113
108
107
102
106
109
104
99
94
90
86
92
90
85
81
78
77
74
79
79
76
80
81
84
79
76
75
76
80
77
73
72
71
73
77
77
79
86
84
80
80
88
85
85
84
86
94
93
93
88
94
89
91
95
98
101
96
97
92
87
88
86
83
87
89
92
97
100
103
107
101
106
109
104
100
97
96
95
97
98
102
109
103
103
98
93
96
95
96
91
87
83
79
75
75
82
78
74
70
71
71
69
78
76
79
75
77
82
85
81
91
99
101
105
109
103
98
93
89
85
80
80
87
86
84
91
96
92
87
82
83
79
75
71
68
65
63
61
63
66
73
82
90
100
104
99
94
92
88
88
89
86
82
79
87
85
81
77
73
70
73
73
73
73
78
74
76
77
75
71
74
72
68
65
71
73
78
85
80
83
79
85
83
80
81
79
82
83
81
84
88
87
87
82
83
81
90
94
88
84
86
88
90
97
92
88
83
79
75
81
86
83
92
91
90
90
88
89
85
84
84
82
81
79
78
86
89
85
81
81
78
78
80
75
72
68
65
62
61
63
61
58
64
68
64
64
61
64
62
58
62
71
76
73
75
75
74
78
81
83
82
79
79
77
85
94
94
96
104
107
108
104
113
108
103
98
100
98
102
99
102
102
105
100
95
90
87
87
87
95
95
104
112
113
108
108
102
108
103
103
105
103
100
95
90
86
87
83
87
94
95
90
87
83
79
82
84
80
77
75
81
78
81
79
87
96
94
97
98
94
91
93
96
100
95
92
94
95
93
95
96
91
86
86
81
88
96
99
104
101
101
102
100
100
101
96
98
99
100
100
95
94
95
90
86
88
85
89
97
94
96
95
94
101
110
112
107
112
109
103
109
108
107
110
111
110
104
102
101
96
94
90
85
84
80
77
78
74
80
88
89
96
92
92
91
91
99
96
91
86
89
84
90
88
90
91
97
96
100
100
96
95
91
89
89
91
87
89
96
91
87
82
78
75
72
71
67
76
84
93
101
105
114
112
115
110
116
110
104
101
96
92
90
86
86
83
82
82
78
74
72
71
72
69
65
62
64
69
66
63
63
60
60
64
61
58
55
59
61
58
56
53
55
56
59
58
55
60
58
60
57
54
52
56
58
56
54
62
63
62
64
61
58
56
63
60
61
66
71
78
83
85
83
86
88
84
88
96
96
91
97
96
91
89
97
93
89
91
87
82
84
80
81
77
78
74
75
71
68
66
66
67
64
61
58
55
52
50
48
49
47
45
48
52
50
55
58
55
52
56
54
56
61
67
69
69
65
69
67
68
74
80
83
84
84
80
79
79
80
83
79
78
75
71
68
68
71
80
89
97
101
96
98
93
89
85
84
84
92
87
83
80
81
79
79
78
75
71
75
74
70
72
68
69
69
78
82
78
74
78
82
91
89
85
81
78
74
80
80
76
76
78
79
75
71
70
73
77
75
75
75
78
83
88
94
89
84
85
80
76
73
69
66
63
61
65
67
64
61
60
58
55
53
51
57
62
64
64
63
60
57
54
51
52
50
47
51
53
53
52
54
50
49
57
62
58
59
59
56
56
53
51
51
49
47
44
42
40
41
39
37
36
39
42
43
47
47
56
62
69
71
77
83
88
91
91
86
84
83
84
80
85
80
76
75
76
79
78
74
74
71
68
66
66
66
70
76
83
91
100
95
89
85
88
96
92
100
105
105
100
101
96
97
99
96
101
100
95
90
86
82
83
82
77
78
78
85
92
90
97
93
89
89
85
88
87
82
85
94
93
99
100
103
106
110
116
112
106
104
104
100
99
103
102
105
99
94
93
88
88
97
95
91
91
90
86
81
88
92
88
91
86
90
92
98
93
92
88
89
85
80
83
84
81
80
76
73
71
72
69
71
74
71
69
65
66
63
60
57
54
52
55
58
63
65
63
63
66
67
63
60
57
57
55
52
50
50
55
58
58
57
55
57
54
55
62
58
58
58
58
55
52
50
51
49
47
44
42
40
38
37
37
35
37
42
50
59
65
61
67
70
75
71
76
78
82
83
88
85
81
77
73
70
68
68
65
62
59
60
61
68
67
64
72
77
73
78
75
72
68
64
68
71
69
65
62
63
61
70
78
87
88
88
93
91
86
89
86
91
86
86
81
86
93
98
105
104
100
103
111
105
105
103
98
99
94
98
93
93
88
87
96
93
101
102
96
91
87
82
79
83
80
76
72
72
68
65
62
65
62
60
61
64
67
64
61
58
57
58
55
51
53
51
57
56
58
57
60
57
64
65
72
74
79
84
80
81
82
81
77
80
76
74
80
82
84
85
84
80
79
83
85
91
92
86
82
82
77
82
78
75
72
80
89
98
105
107
107
106
106
106
112
108
102
103
98
93
99
100
95
92
86
82
78
77
73
70
66
73
77
74
74
80
83
85
82
82
83
79
82
77
78
74
71
67
64
61
58
55
56
56
55
53
50
50
52
50
53
55
60
66
67
67
64
72
70
70
66
63
64
62
59
63
64
61
64
64
61
63
71
79
79
82
87
90
85
81
82
78
79
81
78
78
74
70
71
75
75
80
77
81
239
247
255
253
252
253
249
252
255
8
0
250
251
0
3
11
19
27
32
29
34
43
51
58
58
56
62
60
61
63
70
62
63
53
51
50
48
56
64
72
68
63
69
77
85
82
73
64
57
57
48
47
53
62
71
79
87
95
96
105
107
97
93
90
89
97
97
99
96
88
95
96
93
94
88
92
85
89
87
88
84
79
75
69
71
62
61
63
65
68
71
67
62
60
59
67
76
84
87
89
89
98
106
107
106
111
114
123
123
127
135
126
126
134
130
124
126
127
127
123
121
112
116
117
126
134
141
131
127
127
135
144
145
145
144
133
139
130
121
116
117
107
115
